0000000000
0000000110
0000001100
0000010010
0000011001
0000011111
0000100101
0000101100
0000110010
0000111000
0000111110
0001000101
0001001011
0001010001
0001011000
0001011110
0001100100
0001101010
0001110001
0001110111
0001111101
0010000011
0010001010
0010010000
0010010110
0010011100
0010100011
0010101001
0010101111
0010110101
0010111011
0011000010
0011001000
0011001110
0011010100
0011011010
0011100001
0011100111
0011101101
0011110011
0011111001
0011111111
0100000101
0100001011
0100010001
0100010111
0100011110
0100100100
0100101010
0100110000
0100110110
0100111100
0101000010
0101001000
0101001110
0101010011
0101011001
0101011111
0101100101
0101101011
0101110001
0101110111
0101111101
0110000011
0110001000
0110001110
0110010100
0110011010
0110100000
0110100101
0110101011
0110110001
0110110110
0110111100
0111000010
0111000111
0111001101
0111010011
0111011000
0111011110
0111100011
0111101001
0111101111
0111110100
0111111010
0111111111
1000000100
1000001010
1000001111
1000010101
1000011010
1000011111
1000100101
1000101010
1000101111
1000110101
1000111010
1000111111
1001000100
1001001001
1001001111
1001010100
1001011001
1001011110
1001100011
1001101000
1001101101
1001110010
1001110111
1001111100
1010000001
1010000110
1010001011
1010001111
1010010100
1010011001
1010011110
1010100011
1010100111
1010101100
1010110001
1010110101
1010111010
1010111111
1011000011
1011001000
1011001100
1011010001
1011010101
1011011010
1011011110
1011100010
1011100111
1011101011
1011101111
1011110100
1011111000
1011111100
1100000000
1100000100
1100001000
1100001100
1100010001
1100010101
1100011001
1100011100
1100100000
1100100100
1100101000
1100101100
1100110000
1100110100
1100110111
1100111011
1100111111
1101000010
1101000110
1101001010
1101001101
1101010001
1101010100
1101011000
1101011011
1101011111
1101100010
1101100101
1101101001
1101101100
1101101111
1101110010
1101110101
1101111001
1101111100
1101111111
1110000010
1110000101
1110001000
1110001011
1110001110
1110010000
1110010011
1110010110
1110011001
1110011100
1110011110
1110100001
1110100011
1110100110
1110101001
1110101011
1110101110
1110110000
1110110010
1110110101
1110110111
1110111001
1110111100
1110111110
1111000000
1111000010
1111000100
1111000110
1111001000
1111001010
1111001100
1111001110
1111010000
1111010010
1111010100
1111010110
1111010111
1111011001
1111011011
1111011100
1111011110
1111100000
1111100001
1111100011
1111100100
1111100101
1111100111
1111101000
1111101001
1111101011
1111101100
1111101101
1111101110
1111101111
1111110000
1111110001
1111110010
1111110011
1111110100
1111110101
1111110110
1111110111
1111111000
1111111000
1111111001
1111111010
1111111010
1111111011
1111111011
1111111100
1111111100
1111111101
1111111101
1111111101
1111111110
1111111110
1111111110
1111111110
1111111110
1111111110
1111111110
1111111111
